    0       1       6       7
    1       2       7       8
    2       3       8       9
    3       4       9      10
    4       5      10      11
    6       7      12      13
    7       8      13      14
    8       9      14      15
    9      10      15      16
   10      11      16      17
   12      13      18      19
   13      14      19      20
   14      15      20      21
   15      16      21      22
   16      17      22      23
   18      19      24      25
   19      20      25      26
   20      21      26      27
   21      22      27      28
   22      23      28      29
   24      25      30      31
   25      26      31      32
   26      27      32      33
   27      28      33      34
   28      29      34      35
   30      31      36      37
   31      32      37      38
   32      33      38      39
   33      34      39      40
   34      35      40      41
   36      37      42      43
   37      38      43      44
   38      39      44      45
   39      40      45      46
   40      41      46      47
   42      43      48      49
   43      44      49      50
   44      45      50      51
   45      46      51      52
   46      47      52      53
   48      49      54      55
   49      50      55      56
   50      51      56      57
   51      52      57      58
   52      53      58      59
   54      55      60      61
   55      56      61      62
   56      57      62      63
   57      58      63      64
   58      59      64      65