1     0     0       1
1     0     1       2
1     0     2       3
1     0     3       4
1     0     4       5
1     1     5      11
1     1    11      17
1     1    17      23
1     1    23      29
1     1    29      35
1     1    35      41
1     1    41      47
1     1    47      53
1     1    53      59
1     1    59      65
1     2    61      60
1     2    62      61
1     2    63      62
1     2    64      63
1     2    65      64
1     3     6       0
1     3    12       6
1     3    18      12
1     3    24      18
1     3    30      24
1     3    36      30
1     3    42      36
1     3    48      42
1     3    54      48
1     3    60      54